286	1061	3.0	2	4.5	G10500_HR	30	
852	2420	3.0	3	4.5	G10500_HR	68	
443	2585	4.5	3	3.0	G10400_HR	64	
486	1624	4.5	2	3.0	G10500_Drawn_400。F	27	
935	1499	3.0	3	3.0	G10500_Drawn_600。F	67	
927	2793	4.5	2	3.0	G10500_Drawn_800。F	60	
601	1108	3.0	2	4.5	G41300_HR	67	
104	1967	1.5	1	1.5	G92550_Drawn_800。F	27	
415	2849	4.5	1	4.5	G10450_CD	77	
421	2441	3.0	1	4.5	G10500_Drawn_1200。F	25	
817	2017	1.5	2	3.0	G10500_Drawn_1000。F	43	
813	2771	3.0	2	4.5	G10100_HR	69	
426	1515	4.5	2	3.0	G46200_Drawn_800。F	49	
660	1684	4.5	2	4.5	G41400_CD	53	
634	2743	3.0	3	3.0	G10500_Drawn_1200。F	76	
159	2560	1.5	1	4.5	G92550_Drawn_800。F	31	
239	2223	3.0	1	4.5	G10500_Drawn_600。F	20	
293	2040	4.5	3	3.0	G10500_HR	53	
630	1978	3.0	4	4.5	G10450_HR	58	
493	1489	4.5	4	1.5	G10400_HR	19	
248	1533	1.5	2	4.5	G46200_Core	34	
550	1403	4.5	2	4.5	G10180_CD	49	
128	1163	3.0	2	3.0	G41400_CD	38	
900	2038	1.5	4	1.5	G10500_Drawn_900。F	41	
306	1000	1.5	2	3.0	G10500_Drawn_800。F	42	
